4 5
2 2
7 9
1 6
2 7
3 6
2 2
2 2
4 5
5 4
1 6
7 1
7 7
7 7
7 9
2 9
4 5
2 2
7 9
1 6
2 7
3 6
2 2
2 2
4 5
5 4
1 6
7 1
7 7
7 7
7 9
2 9
4 5
2 2
7 9
1 6
2 7
3 6
2 2
2 2
4 5
5 4
1 6
7 1
7 7
7 7
7 9
2 9
1 6
2 7
3 6
2 2
2 2
4 5
5 4
1 6
7 1
7 7
7 7
7 9
2 9
4 5
2 2
7 9
1 6
2 7
3 6
2 2
2 2
4 5
5 4
1 6
7 1
7 7
7 7
7 9
2 9
4 5
2 2
7 9
1 6
2 7
3 6
2 2
2 2
4 5
5 4
1 6
7 1
7 7
7 7
7 9
2 9
4 5
2 2
7 9
1 6
2 7
3 6
2 2
2 2
4 5
5 4
1 6
7 1
7 7
7 7
7 9
2 9
4 5
2 2
7 9
1 6
2 7
3 6
2 2
2 2
4 5
5 4
1 6
7 1
7 7
7 7
7 9
2 9
1 6
2 7
3 6
2 2
2 2
4 5
5 4
1 6
7 1
7 7
7 7
7 9
2 9
4 5
2 2
7 9
1 6
2 7
3 6
2 2
2 2
4 5
5 4
1 6
7 1
7 7
7 7
7 9
2 9
4 5
2 2
7 9
1 6
2 7
3 6
2 2
2 2
4 5
5 4
1 6
7 1
7 7
7 7
7 9
2 9
4 5
2 2
7 9
1 6
2 7
3 6
2 2
2 2
4 5
5 4
1 6
7 1
7 7
7 7
7 9
2 9
4 5
2 2
7 9
1 6
2 7
3 6
2 2
2 2
4 5
5 4
1 6
7 1
7 7
7 7
7 9
2 9
1 6
2 7
3 6
2 2
2 2
4 5
5 4
1 6
7 1
7 7
7 7
7 9
2 9
4 5
2 2
7 9
1 6
2 7
3 6
2 2
2 2
4 5
5 4
1 6
7 1
7 7
7 7
7 9
2 9
4 5
2 2
7 9
1 6
2 7
3 6
2 2
2 2
4 5
5 4
1 6
7 1
7 7
7 7
7 9
2 9
4 5
2 2
7 9
1 6
2 7
3 6
2 2
2 2
4 5
5 4
1 6
7 1
7 7
7 7
7 9
2 9
4 5
2 2
7 9
1 6
2 7
3 6
2 2
2 2
4 5
5 4
1 6
7 1
7 7
7 7
7 9
2 9
1 6
2 7
3 6
2 2
2 2
4 5
5 4
1 6
7 1
7 7
7 7
7 9
2 9
4 5
2 2
7 9
1 6
2 7
3 6
2 2
2 2
4 5
5 4
1 6
7 1
7 7
7 7
7 9
2 9